# 学生学业预警系统 - 优化版报告

## 报告信息
- 生成时间: 2026-03-21 21:14:02
- 数据来源: 145名学生的学业数据
- 版本: 优化版（减少过拟合，增加交叉验证）

## 数据概况
- 总样本数: 145名学生
- 成绩范围: 0-7分
- 平均成绩: 3.23

## 预警阈值
- 🔴 高风险: 成绩 < 2.00 (后30%)
- 🟡 中风险: 2.00 ≤ 成绩 ≤ 5.00
- 🟢 低风险: 成绩 > 5.00 (前30%)

## 模型性能对比

| 模型 | 训练准确率 | 测试准确率 | 交叉验证 | F1分数 | 过拟合程度 |
|------|------------|------------|----------|--------|------------|
| 逻辑回归_优化 | 0.5172 | 0.5517 | 0.3960 (±0.1016) | 0.5434 | -0.0345 |
| 随机森林_优化 | 0.6293 | 0.4828 | 0.4304 (±0.0957) | 0.4819 | 0.1466 |
| 梯度提升_优化 | 0.8448 | 0.3448 | 0.4395 (±0.0734) | 0.3411 | 0.5000 |
| K近邻_优化 | 0.9483 | 0.3793 | 0.3960 (±0.0448) | 0.3776 | 0.5690 |


## 🏆 最佳预警模型: 逻辑回归_优化

### 性能指标
- 测试准确率: 0.5517
- 交叉验证均值: 0.3960
- 过拟合控制: ✅ 良好（训练-测试差异小）


## 🚨 高风险学生名单

共发现 **15** 名高风险学生

| 排名 | 学生ID | 风险等级 | 高风险概率 | 中风险概率 | 低风险概率 | 特征均值 |
|------|--------|----------|------------|------------|------------|----------|
| 1 | STUDENT140 | 高风险 | 67.04% | 28.17% | 4.80% | 1.50 |
| 2 | STUDENT8 | 高风险 | 65.34% | 23.85% | 10.81% | 1.40 |
| 3 | STUDENT1 | 高风险 | 65.30% | 7.28% | 27.42% | 1.40 |
| 4 | STUDENT137 | 高风险 | 61.46% | 26.31% | 12.23% | 1.60 |
| 5 | STUDENT78 | 高风险 | 60.63% | 26.62% | 12.74% | 1.60 |
| 6 | STUDENT126 | 高风险 | 59.86% | 30.27% | 9.87% | 1.70 |
| 7 | STUDENT105 | 高风险 | 59.76% | 15.50% | 24.74% | 1.40 |
| 8 | STUDENT124 | 高风险 | 59.49% | 19.27% | 21.24% | 1.80 |
| 9 | STUDENT34 | 高风险 | 57.97% | 30.50% | 11.54% | 1.50 |
| 10 | STUDENT128 | 高风险 | 57.94% | 25.67% | 16.39% | 1.60 |
| 11 | STUDENT129 | 高风险 | 57.94% | 25.67% | 16.39% | 1.60 |
| 12 | STUDENT114 | 高风险 | 57.48% | 25.55% | 16.97% | 1.80 |
| 13 | STUDENT122 | 高风险 | 57.29% | 32.51% | 10.21% | 1.50 |
| 14 | STUDENT28 | 高风险 | 55.68% | 29.03% | 15.28% | 1.40 |
| 15 | STUDENT3 | 高风险 | 55.35% | 19.78% | 24.87% | 1.60 |
